1.000000000000000000e+00 5.479223425033737938e-01 7.950395532761291850e-01 6.321841367240177423e-03
2.000000000000000000e+00 4.820818387684195905e-01 7.587534129765781676e-01 7.523938636067040164e-03
3.000000000000000000e+00 4.736548612290316651e-01 7.652157580633456302e-01 -6.150654349216515271e-03
4.000000000000000000e+00 4.656999658419893606e-01 -8.013127678433542567e-01 2.594985585026726715e-02
5.000000000000000000e+00 5.728536234993133469e-01 7.383375821642415016e-01 1.397054933892624695e-02
6.000000000000000000e+00 5.225935762237233773e-01 -7.665625656576996461e-01 1.598327710904581811e-03
7.000000000000000000e+00 5.798244176690328100e-01 -8.093402563459538568e-01 -5.661603282221655542e-02
8.000000000000000000e+00 4.791706206337553731e-01 -7.982623220796782881e-01 -5.050354412091626055e-02
9.000000000000000000e+00 4.828851283156829766e-01 -8.092237885360020755e-01 -4.572764068755852396e-02
1.000000000000000000e+01 5.784247144727566736e-01 -7.982625533056065814e-01 -4.695819347819298745e-02
1.100000000000000000e+01 5.726378672660771274e-01 7.383375635911819668e-01 1.601400859891698170e-02
1.200000000000000000e+01 5.474496193641773534e-01 7.951199134120869871e-01 6.986560781734971193e-03
1.300000000000000000e+01 5.471179480006670426e-01 7.950975908158980365e-01 8.486556346816970242e-03
1.400000000000000000e+01 5.786680148662387557e-01 -7.982626377830732700e-01 -4.644515916051308174e-02
1.500000000000000000e+01 5.785513638315065155e-01 -7.982625466203560061e-01 -4.695108743153862674e-02
1.600000000000000000e+01 5.473360330412535557e-01 7.950974825802292756e-01 7.849256931639514434e-03
1.700000000000000000e+01 5.471107191854289731e-01 7.950972537735648826e-01 8.996856495098223827e-03
1.800000000000000000e+01 5.470935490301970239e-01 7.950970996881305819e-01 9.166113704282843888e-03
1.900000000000000000e+01 5.471208845051029890e-01 7.950972301577556856e-01 8.875381477654778473e-03
2.000000000000000000e+01 5.471381554958211213e-01 7.950971492656310202e-01 8.633376783492505147e-03
2.100000000000000000e+01 5.785056794596513674e-01 -7.982625460668423267e-01 -4.596092046820392935e-02
2.200000000000000000e+01 5.785593844740083425e-01 -7.982625507995400049e-01 -4.719267931272325828e-02
2.300000000000000000e+01 4.817089262201793565e-01 7.587537090340499280e-01 1.453441076240553909e-02
2.400000000000000000e+01 5.785753471343065835e-01 -7.982625450562624847e-01 -4.821435862114670928e-02
2.500000000000000000e+01 4.816488985369109521e-01 7.587471562955153681e-01 1.484709016669481796e-02
2.600000000000000000e+01 4.817665277346090402e-01 7.587537016041265847e-01 1.409098861420012005e-02
2.700000000000000000e+01 4.817051831213478574e-01 7.587537150546286302e-01 1.455962081004784359e-02
2.800000000000000000e+01 4.818680089770120412e-01 7.587537358895948270e-01 1.358833381050783551e-02
2.900000000000000000e+01 4.817480298366471070e-01 7.587536507002115016e-01 1.418619994911227145e-02
3.000000000000000000e+01 4.816084208395783883e-01 7.587471842252613285e-01 1.563570705744769807e-02
3.100000000000000000e+01 4.816681389792475398e-01 7.587471480099963195e-01 1.476639968163677430e-02
3.200000000000000000e+01 4.738520466225109584e-01 7.652089895612272930e-01 -1.049629572616453399e-02
3.300000000000000000e+01 4.738780539998547758e-01 7.652159050653702943e-01 -1.263925235371275713e-02
3.400000000000000000e+01 4.738284689250966131e-01 7.652158300651409339e-01 -1.278280132982003575e-02
3.500000000000000000e+01 4.737847711848123256e-01 7.652157584407143220e-01 -9.743032501163137460e-03
3.600000000000000000e+01 4.737634420491135256e-01 7.652157571344616604e-01 -8.552070481714330041e-03
3.700000000000000000e+01 4.737715675689418982e-01 7.652157356906998942e-01 -9.009917985932903994e-03
3.800000000000000000e+01 4.737348024028281701e-01 7.652155583566887520e-01 -6.901473804779560683e-03
3.900000000000000000e+01 4.737280441387382579e-01 7.652089587140300520e-01 -8.048241652929361001e-03
4.000000000000000000e+01 4.737023729746752121e-01 7.652153328287283340e-01 -7.020602829894494190e-03
4.100000000000000000e+01 4.738016823328793925e-01 7.652157709248936790e-01 -9.796873110837246712e-03
4.200000000000000000e+01 4.648314647832494928e-01 -8.013123118895457697e-01 2.766738736450216618e-02
4.300000000000000000e+01 4.644475847548917846e-01 -8.013123358519261830e-01 2.947341354092614107e-02
4.400000000000000000e+01 4.642666578072416339e-01 -8.013120063404350901e-01 3.063549785472417797e-02
4.500000000000000000e+01 4.643230633354614167e-01 -8.013124226053903731e-01 3.023407905982912480e-02
4.600000000000000000e+01 4.643518050797245666e-01 -8.013206146533857765e-01 3.038787467498998973e-02
4.700000000000000000e+01 4.643092468837849429e-01 -8.013158150171162397e-01 3.034412452069135124e-02
4.800000000000000000e+01 4.642637922471507528e-01 -8.013169739792755930e-01 3.134122522948061540e-02
4.900000000000000000e+01 4.642608221182616957e-01 -8.013124154517683451e-01 3.112490494912842354e-02
5.000000000000000000e+01 4.642721905143356587e-01 -8.013124210660884650e-01 3.113732883324242529e-02
5.100000000000000000e+01 4.644265252626678109e-01 -8.013124707082674991e-01 2.982436026300039345e-02
5.200000000000000000e+01 5.727400826818855872e-01 7.383375823678229866e-01 1.415943399456259799e-02
5.300000000000000000e+01 5.727252951823817995e-01 7.383376272885734393e-01 1.417989972895616901e-02
5.400000000000000000e+01 5.725989504708178801e-01 7.383374897598410369e-01 1.686084935513461336e-02
5.500000000000000000e+01 5.726553205048040551e-01 7.383370254062617821e-01 1.294811714524179980e-02
5.600000000000000000e+01 5.726957119942330809e-01 7.383374599480517775e-01 1.554915152693911451e-02
5.700000000000000000e+01 5.728226605951808326e-01 7.383375410051470356e-01 1.523331738676687863e-02
5.900000000000000000e+01 5.725682362783611756e-01 7.383375949233881297e-01 1.645254302971306537e-02
6.000000000000000000e+01 5.725540411009210073e-01 7.383377759838523069e-01 1.719812992306257726e-02
6.100000000000000000e+01 5.222954858766520880e-01 7.665637987410115484e-01 3.112732801824225071e-03
6.200000000000000000e+01 5.219998486136547822e-01 7.665638077274766760e-01 5.246224537722554704e-03
6.300000000000000000e+01 5.218236479468666422e-01 7.665684065393382207e-01 6.290360796262078891e-03
6.400000000000000000e+01 5.223325544413341959e-01 7.665638025026458857e-01 3.184641878268931747e-03
6.500000000000000000e+01 5.218194845519410485e-01 7.665638109634771435e-01 6.892996073552509761e-03
6.600000000000000000e+01 5.217520855569173222e-01 7.665638138067402130e-01 7.647523010616025241e-03
6.700000000000000000e+01 5.217583876024799450e-01 -7.665580030509666631e-01 7.059545460484567547e-03
6.800000000000000000e+01 5.218062185473589798e-01 7.665638142529074273e-01 7.256605830843934624e-03
6.900000000000000000e+01 5.217676923181846504e-01 7.665638127928856571e-01 7.553504930245355520e-03
7.000000000000000000e+01 5.218215156360946905e-01 7.665638115574303635e-01 6.888154997720705164e-03
7.100000000000000000e+01 5.796891124883951640e-01 -8.093402121249354542e-01 -5.880122599301568220e-02
7.200000000000000000e+01 5.797061150184316114e-01 -8.093400962017686107e-01 -5.933720271149836578e-02
7.300000000000000000e+01 5.797308744675352399e-01 -8.093402951562321812e-01 -5.725786498864740559e-02
7.400000000000000000e+01 5.795332653453527660e-01 -8.093401831287745374e-01 -6.104834340558251693e-02
7.500000000000000000e+01 5.798438083009498367e-01 -8.093402737817909642e-01 -5.635817792175958074e-02
7.600000000000000000e+01 5.797806430327385740e-01 -8.093402332457769743e-01 -5.754357994623451877e-02
7.700000000000000000e+01 5.798199724987815884e-01 -8.093402810419715321e-01 -5.596513383107726280e-02
7.800000000000000000e+01 5.798621107616301895e-01 -8.093402671046795449e-01 -5.645696945380392073e-02
7.900000000000000000e+01 5.797783903957547391e-01 -8.093402460549247168e-01 -5.699078520653556856e-02
8.000000000000000000e+01 5.798441643615185326e-01 -8.093402718268525309e-01 -5.635160234574520394e-02
8.100000000000000000e+01 4.794359582828323085e-01 -7.982624431466899262e-01 -5.827316974526663279e-02
8.200000000000000000e+01 4.791010031418883597e-01 -7.982623163347641881e-01 -5.473459072694931288e-02
8.300000000000000000e+01 4.791620991516810091e-01 -7.982621582417548378e-01 -5.113262001247058375e-02
8.400000000000000000e+01 4.792812650615485559e-01 -7.982623790983429668e-01 -5.758600475958745857e-02
8.500000000000000000e+01 4.791132127262286433e-01 -7.982623155251789004e-01 -5.172450611179976732e-02
8.600000000000000000e+01 4.793073834639292596e-01 -7.982623170624748576e-01 -5.594447730340261493e-02
8.700000000000000000e+01 4.791810627681818424e-01 -7.982623151210794799e-01 -5.134032019665341062e-02
8.800000000000000000e+01 4.791635453069484907e-01 -7.982618963734084971e-01 -5.144837365119027395e-02
8.900000000000000000e+01 4.791454207040188318e-01 -7.982623061249662921e-01 -5.026412172538859136e-02
9.000000000000000000e+01 4.791296590010784562e-01 -7.982623154996814074e-01 -5.176399977684546100e-02
9.100000000000000000e+01 4.828676580298660870e-01 -8.092237236239981923e-01 -4.738104971667381204e-02
9.200000000000000000e+01 4.828117768532665388e-01 -8.092237699049609212e-01 -4.729611717037479623e-02
9.300000000000000000e+01 4.828242477941259159e-01 -8.092238646399607660e-01 -4.462678940302069325e-02
9.400000000000000000e+01 4.829075911824320388e-01 -8.092237685034879835e-01 -4.956568646592514338e-02
9.500000000000000000e+01 4.828067115453820168e-01 -8.092238246669063439e-01 -4.471755128500028847e-02
9.600000000000000000e+01 4.828454712779057245e-01 -8.092237663969118477e-01 -4.745378427063012827e-02
9.700000000000000000e+01 4.827296828681024166e-01 -8.092237908288439918e-01 -4.640008655052558356e-02
9.800000000000000000e+01 4.827845682003542582e-01 -8.092238291333804234e-01 -4.478523578615070666e-02
9.900000000000000000e+01 4.828000981092002153e-01 -8.092238412373194967e-01 -4.417838297298722766e-02
1.000000000000000000e+02 4.828068831288815921e-01 -8.092238297392040369e-01 -4.471338035407229627e-02
1.010000000000000000e+02 5.784754839495442891e-01 -7.982625603342456966e-01 -5.031557071574388473e-02
1.020000000000000000e+02 5.784256559910186946e-01 -7.982624324088055667e-01 -5.065402684283817902e-02
1.030000000000000000e+02 5.784208078891599492e-01 -7.982619125563963358e-01 -4.748762235054164449e-02
1.040000000000000000e+02 5.783582024958002776e-01 -7.982625649717278726e-01 -5.278222806987921401e-02
1.050000000000000000e+02 5.785347822880735347e-01 -7.982625462529758797e-01 -4.691090296351434208e-02
1.060000000000000000e+02 5.477421451708035516e-01 7.950496995718949744e-01 6.657567386315482727e-03
1.070000000000000000e+02 5.471070307322100090e-01 7.951184754978468661e-01 8.887148121108787158e-03
1.080000000000000000e+02 4.819826301419950498e-01 7.587536190167752936e-01 1.140922463264953945e-02
